[[1300, 219], [1964, 219], [1964, 400], [1300, 400]]
HỌC VIỆN
0.9224944939475592
[[829, 371], [2430, 371], [2430, 518], [829, 518]]
CÔNG NGHỆ BUU CHÍNH VIÉN THÔNG
0.7091452203934928
[[309, 385], [647, 385], [647, 617], [309, 617]]
@
0.684005048263149
[[1105, 568], [2164, 568], [2164, 763], [1105, 763]]
THẺ SINH VIÊN
0.9909010353045314
[[852, 850], [1270, 850], [1270, 955], [852, 955]]
Họ và tên:
0.6712307257324667
[[1312, 821], [2295, 821], [2295, 967], [1312, 967]]
Nguyễn Hoàng Dương
0.7706882515668977
[[853, 971], [1289, 971], [1289, 1081], [853, 1081]]
Sinh ngày:
0.9976713325751027
[[1319, 953], [1780, 953], [1780, 1062], [1319, 1062]]
21/02/2001
0.999914990517229
[[856, 1075], [1726, 1075], [1726, 1204], [856, 1204]]
Hộ khẩu TT: Béc Ninh
0.6989632401337255
[[858, 1203], [1637, 1203], [1637, 1328], [858, 1328]]
Lớp: DI9COCNO9-B
0.5835098328828344
[[1745, 1197], [2468, 1197], [2468, 1312], [1745, 1312]]
Hệ: Đaihoc chinhquy
0.4853644082754635
[[857, 1328], [1409, 1328], [1409, 1457], [857, 1457]]
Ngành: CNTT
0.8106777682428457
[[1745, 1310], [2474, 1310], [2474, 1421], [1745, 1421]]
Khóa: 2019 - 2024
0.9004820801686512
[[377, 1497], [617, 1497], [617, 1581], [377, 1581]]
Mã SV
0.9976526095642094
[[217, 1586], [804, 1586], [804, 1699], [217, 1699]]
Bi9DCCN153
0.4437347118619652