[[1302, 231], [1959, 231], [1959, 401], [1302, 401]]
HỌC VIỆN
0.7114550259289927
[[543, 403], [629, 403], [629, 515], [543, 515]]
T
0.6743417577080244
[[827, 374], [2428, 374], [2428, 518], [827, 518]]
CÔNG NGHỆ BUU CHÍNH VIÉN THONG
0.3874409255657628
[[318, 392], [574, 392], [574, 614], [318, 614]]
@
0.8282478047037536
[[1104, 573], [2158, 573], [2158, 760], [1104, 760]]
THẺ SINH VIÊN
0.9979070251703916
[[847, 847], [1271, 847], [1271, 955], [847, 955]]
Họ và tên:
0.90853721934339
[[1310, 818], [2296, 818], [2296, 965], [1310, 965]]
Nguyen Hoàng Dương
0.7882327395302287
[[851, 949], [1782, 949], [1782, 1085], [851, 1085]]
Sính ngày:   21/02/2001
0.7638619527954836
[[856, 1080], [1726, 1080], [1726, 1202], [856, 1202]]
Hộ khẩu TT: Bắc Ninb
0.6621253467655511
[[850, 1201], [1640, 1201], [1640, 1336], [850, 1336]]
Lớp: D19CQCNO9-8
0.4541636270747997
[[1744, 1194], [2467, 1194], [2467, 1315], [1744, 1315]]
Hệ: Đaihoc chinhqy
0.8505417779962224
[[856, 1328], [1411, 1328], [1411, 1457], [856, 1457]]
Ngành: CNTT
0.9015716403966418
[[1744, 1308], [2475, 1308], [2475, 1421], [1744, 1421]]
Khóa: 2019 - 2024
0.7377601466958148
[[377, 1495], [618, 1495], [618, 1582], [377, 1582]]
Mã SV
0.7358634463074738
[[218, 1588], [802, 1588], [802, 1698], [218, 1698]]
Bi9dcCN153
0.25744660144044706